    1  107    3
  55.847
  107    1  0.0300  0.0000  0.0000
  0.000000   0.000000   0.000000
  0.000000   0.000000   0.000000
  0.000000   0.000000   0.000000
  0.000000   0.000000   0.000000
  0.000000   0.000000   0.000000
  0.000000   0.000000   0.000000
  0.000000   0.000000   0.000000
  0.000000   0.000000   0.000000
  0.000000   0.000000   0.000000
  0.000000   0.000000   0.000000
  0.000000   0.000000   0.000000
  0.000000   0.000000   0.000000
  0.000000   0.000000   0.000000
  0.000000   0.000000   0.000000
  0.000000   0.000000   0.000000
  0.000000   0.000000   0.000000
  0.000000   0.000000   0.000000
  0.000000   0.000000   0.000000
  0.000000   0.000000   0.000000
  0.000000   0.000000   0.000000
  0.000000   0.000000   0.000000
  0.000000   0.000000   0.000000
  0.000000   0.000000   0.000000
  0.000000   0.000000   0.000000
  0.000000   0.000000   0.000000
  0.000000   0.000000   0.000000
  0.000000   0.000000   0.000000
  0.000000   0.000000   0.000000
  0.000000   0.000000   0.000000
  0.000000   0.000000   0.000000
  0.000000   0.000000   0.000000
  0.000000   0.000000   0.000000
  0.000000   0.000000   0.000000
  0.000000   0.000000   0.000000
  0.000000   0.000000   0.000000
  0.000000   0.000000   0.000000
  0.000000   0.000000   0.000000
  0.000000   0.000000   0.000000
  0.000000   0.000000   0.000000
  0.000000   0.000000   0.000000
  0.000000   0.000000   0.000000
  0.000000   0.000000   0.000000
  0.000000   0.000000   0.000000
  0.000000   0.000000   0.000000
  0.000000   0.000000   0.000000
  0.000000   0.000000   0.000000
  0.000000   0.000000   0.000000
  0.000000   0.000000   0.000000
  0.000000   0.000000   0.000000
  0.000000   0.000000   0.000000
  0.000000   0.000000   0.000000
  0.000000   0.000000   0.000000
  0.000000   0.000000   0.000000
  0.000000   0.000000   0.000000
  0.000000   0.000000   0.000000
  0.000000   0.000000   0.000000
  0.000000   0.000000   0.000000
  0.000000   0.000000   0.000000
  0.000000   0.000000   0.000000
  0.000000   0.000000   0.000000
  0.000000   0.000000   0.000000
  0.000000   0.000000   0.000000
  0.000000   0.000000   0.000000
  0.000000   0.000000   0.000000
  0.000000   0.000000   0.000000
  0.000000   0.000000   0.000000
  0.000000   0.000000   0.000000
  0.000000   0.000000   0.000000
  0.000000   0.000000   0.000000
  0.000000   0.000000   0.000000
  0.000000   0.000000   0.000000
  0.000000   0.000000   0.000000
  0.000000   0.000000   0.000000
  0.000000   0.000000   0.000000
  0.000000   0.000000   0.000000
  0.000000   0.000000   0.000000
  0.000000   0.000000   0.000000
  0.000000   0.000000   0.000000
  0.000000   0.000000   0.000000
  0.000000   0.000000   0.000000
  0.000000   0.000000   0.000000
  0.000000   0.000000   0.000000
  0.000000   0.000000   0.000000
  0.000000   0.000000   0.000000
  0.000000   0.000000   0.000000
  0.000000   0.000000   0.000000
  0.000000   0.000000   0.000000
  0.000000   0.000000   0.000000
  0.000000   0.000000   0.000000
  0.000000   0.000000   0.000000
  0.000000   0.000000   0.000000
  0.000000   0.000000   0.000000
  0.000000   0.000000   0.000000
  0.000000   0.000000   0.000000
  0.000000   0.000000   0.000000
  0.000000   0.000000   0.000000
  0.000000   0.000000   0.000000
  0.000000   0.000000   0.000000
  0.000000   0.000000   0.000000
  0.000000   0.000000   0.000000
  0.000000   0.000000   0.000000
  0.000000   0.000000   0.000000
  0.000000   0.000000   0.000000
  0.000000   0.000000   0.000000
  0.000000   0.000000   0.000000
  0.000000   0.000000   0.000000
  0.041178  -0.000002   0.190722
  107    2  0.0000  0.0300  0.0000
  0.000000   0.000000   0.000000
  0.000000   0.000000   0.000000
  0.000000   0.000000   0.000000
  0.000000   0.000000   0.000000
  0.000000   0.000000   0.000000
  0.000000   0.000000   0.000000
  0.000000   0.000000   0.000000
  0.000000   0.000000   0.000000
  0.000000   0.000000   0.000000
  0.000000   0.000000   0.000000
  0.000000   0.000000   0.000000
  0.000000   0.000000   0.000000
  0.000000   0.000000   0.000000
  0.000000   0.000000   0.000000
  0.000000   0.000000   0.000000
  0.000000   0.000000   0.000000
  0.000000   0.000000   0.000000
  0.000000   0.000000   0.000000
  0.000000   0.000000   0.000000
  0.000000   0.000000   0.000000
  0.000000   0.000000   0.000000
  0.000000   0.000000   0.000000
  0.000000   0.000000   0.000000
  0.000000   0.000000   0.000000
  0.000000   0.000000   0.000000
  0.000000   0.000000   0.000000
  0.000000   0.000000   0.000000
  0.000000   0.000000   0.000000
  0.000000   0.000000   0.000000
  0.000000   0.000000   0.000000
  0.000000   0.000000   0.000000
  0.000000   0.000000   0.000000
  0.000000   0.000000   0.000000
  0.000000   0.000000   0.000000
  0.000000   0.000000   0.000000
  0.000000   0.000000   0.000000
  0.000000   0.000000   0.000000
  0.000000   0.000000   0.000000
  0.000000   0.000000   0.000000
  0.000000   0.000000   0.000000
  0.000000   0.000000   0.000000
  0.000000   0.000000   0.000000
  0.000000   0.000000   0.000000
  0.000000   0.000000   0.000000
  0.000000   0.000000   0.000000
  0.000000   0.000000   0.000000
  0.000000   0.000000   0.000000
  0.000000   0.000000   0.000000
  0.000000   0.000000   0.000000
  0.000000   0.000000   0.000000
  0.000000   0.000000   0.000000
  0.000000   0.000000   0.000000
  0.000000   0.000000   0.000000
  0.000000   0.000000   0.000000
  0.000000   0.000000   0.000000
  0.000000   0.000000   0.000000
  0.000000   0.000000   0.000000
  0.000000   0.000000   0.000000
  0.000000   0.000000   0.000000
  0.000000   0.000000   0.000000
  0.000000   0.000000   0.000000
  0.000000   0.000000   0.000000
  0.000000   0.000000   0.000000
  0.000000   0.000000   0.000000
  0.000000   0.000000   0.000000
  0.000000   0.000000   0.000000
  0.000000   0.000000   0.000000
  0.000000   0.000000   0.000000
  0.000000   0.000000   0.000000
  0.000000   0.000000   0.000000
  0.000000   0.000000   0.000000
  0.000000   0.000000   0.000000
  0.000000   0.000000   0.000000
  0.000000   0.000000   0.000000
  0.000000   0.000000   0.000000
  0.000000   0.000000   0.000000
  0.000000   0.000000   0.000000
  0.000000   0.000000   0.000000
  0.000000   0.000000   0.000000
  0.000000   0.000000   0.000000
  0.000000   0.000000   0.000000
  0.000000   0.000000   0.000000
  0.000000   0.000000   0.000000
  0.000000   0.000000   0.000000
  0.000000   0.000000   0.000000
  0.000000   0.000000   0.000000
  0.000000   0.000000   0.000000
  0.000000   0.000000   0.000000
  0.000000   0.000000   0.000000
  0.000000   0.000000   0.000000
  0.000000   0.000000   0.000000
  0.000000   0.000000   0.000000
  0.000000   0.000000   0.000000
  0.000000   0.000000   0.000000
  0.000000   0.000000   0.000000
  0.000000   0.000000   0.000000
  0.000000   0.000000   0.000000
  0.000000   0.000000   0.000000
  0.000000   0.000000   0.000000
  0.000000   0.000000   0.000000
  0.000000   0.000000   0.000000
  0.000000   0.000000   0.000000
  0.000000   0.000000   0.000000
  0.000000   0.000000   0.000000
  0.000000   0.000000   0.000000
  0.000000   0.000000   0.000000
 -0.000247  -0.327808  -0.000094
  107    3  0.0000  0.0000  0.0300
  0.000000   0.000000   0.000000
  0.000000   0.000000   0.000000
  0.000000   0.000000   0.000000
  0.000000   0.000000   0.000000
  0.000000   0.000000   0.000000
  0.000000   0.000000   0.000000
  0.000000   0.000000   0.000000
  0.000000   0.000000   0.000000
  0.000000   0.000000   0.000000
  0.000000   0.000000   0.000000
  0.000000   0.000000   0.000000
  0.000000   0.000000   0.000000
  0.000000   0.000000   0.000000
  0.000000   0.000000   0.000000
  0.000000   0.000000   0.000000
  0.000000   0.000000   0.000000
  0.000000   0.000000   0.000000
  0.000000   0.000000   0.000000
  0.000000   0.000000   0.000000
  0.000000   0.000000   0.000000
  0.000000   0.000000   0.000000
  0.000000   0.000000   0.000000
  0.000000   0.000000   0.000000
  0.000000   0.000000   0.000000
  0.000000   0.000000   0.000000
  0.000000   0.000000   0.000000
  0.000000   0.000000   0.000000
  0.000000   0.000000   0.000000
  0.000000   0.000000   0.000000
  0.000000   0.000000   0.000000
  0.000000   0.000000   0.000000
  0.000000   0.000000   0.000000
  0.000000   0.000000   0.000000
  0.000000   0.000000   0.000000
  0.000000   0.000000   0.000000
  0.000000   0.000000   0.000000
  0.000000   0.000000   0.000000
  0.000000   0.000000   0.000000
  0.000000   0.000000   0.000000
  0.000000   0.000000   0.000000
  0.000000   0.000000   0.000000
  0.000000   0.000000   0.000000
  0.000000   0.000000   0.000000
  0.000000   0.000000   0.000000
  0.000000   0.000000   0.000000
  0.000000   0.000000   0.000000
  0.000000   0.000000   0.000000
  0.000000   0.000000   0.000000
  0.000000   0.000000   0.000000
  0.000000   0.000000   0.000000
  0.000000   0.000000   0.000000
  0.000000   0.000000   0.000000
  0.000000   0.000000   0.000000
  0.000000   0.000000   0.000000
  0.000000   0.000000   0.000000
  0.000000   0.000000   0.000000
  0.000000   0.000000   0.000000
  0.000000   0.000000   0.000000
  0.000000   0.000000   0.000000
  0.000000   0.000000   0.000000
  0.000000   0.000000   0.000000
  0.000000   0.000000   0.000000
  0.000000   0.000000   0.000000
  0.000000   0.000000   0.000000
  0.000000   0.000000   0.000000
  0.000000   0.000000   0.000000
  0.000000   0.000000   0.000000
  0.000000   0.000000   0.000000
  0.000000   0.000000   0.000000
  0.000000   0.000000   0.000000
  0.000000   0.000000   0.000000
  0.000000   0.000000   0.000000
  0.000000   0.000000   0.000000
  0.000000   0.000000   0.000000
  0.000000   0.000000   0.000000
  0.000000   0.000000   0.000000
  0.000000   0.000000   0.000000
  0.000000   0.000000   0.000000
  0.000000   0.000000   0.000000
  0.000000   0.000000   0.000000
  0.000000   0.000000   0.000000
  0.000000   0.000000   0.000000
  0.000000   0.000000   0.000000
  0.000000   0.000000   0.000000
  0.000000   0.000000   0.000000
  0.000000   0.000000   0.000000
  0.000000   0.000000   0.000000
  0.000000   0.000000   0.000000
  0.000000   0.000000   0.000000
  0.000000   0.000000   0.000000
  0.000000   0.000000   0.000000
  0.000000   0.000000   0.000000
  0.000000   0.000000   0.000000
  0.000000   0.000000   0.000000
  0.000000   0.000000   0.000000
  0.000000   0.000000   0.000000
  0.000000   0.000000   0.000000
  0.000000   0.000000   0.000000
  0.000000   0.000000   0.000000
  0.000000   0.000000   0.000000
  0.000000   0.000000   0.000000
  0.000000   0.000000   0.000000
  0.000000   0.000000   0.000000
  0.000000   0.000000   0.000000
  0.000000   0.000000   0.000000
  0.000000   0.000000   0.000000
  0.190719  -0.000152   0.041234
